batchNo,supplier,paperType,weight,receivedDate,status,notes
P202405001,金东纸业,铜版纸,157,2024-05-01,available,
P202405002,太阳纸业,双胶纸,128,2024-05-02,available,
