schedule_no,mold_no,furnace_no,planned_start_time,planned_end_time,actual_start_time,actual_end_time,status
SCH-2024-001,MOLD-2024-001,FURN-01,2024-05-05 14:00,2024-05-05 14:30,,,pending
SCH-2024-002,MOLD-2024-001,FURN-02,2024-05-05 14:15,2024-05-05 14:45,,,pending
SCH-2024-003,MOLD-2024-002,FURN-01,2024-05-05 15:00,2024-05-05 15:30,,,pending
SCH-2024-004,MOLD-2024-002,FURN-03,2024-05-05 15:30,2024-05-05 16:00,,,pending
SCH-2024-005,MOLD-2024-003,FURN-01,2024-05-05 16:00,2024-05-05 16:30,,,pending
SCH-2024-006,MOLD-2024-004,FURN-02,2024-05-05 16:30,2024-05-05 17:00,,,pending
SCH-2024-007,MOLD-2024-005,FURN-01,2024-05-05 17:00,2024-05-05 17:30,,,pending
